[-0.10753507  0.11801737  0.02626427 -0.06849986 -0.13856035  0.09231668
 -0.04759119 -0.09908846  0.18002988 -0.0634721   0.18964052 -0.04276421
 -0.26766196 -0.0332611  -0.09751213  0.09459579 -0.03589521 -0.21226822
 -0.02932405 -0.0162779   0.02294014  0.0140812  -0.06591725  0.06704099
 -0.14729485 -0.35104087 -0.05078686 -0.06964304 -0.04886336 -0.1052945
  0.04741166  0.11102115 -0.18171415 -0.00142261  0.00375746  0.1322097
 -0.02609842  0.02792547  0.15599427  0.00468031 -0.22874118  0.02507134
  0.02940955  0.23558816  0.13965829  0.04281634 -0.00065806 -0.1129314
  0.06404735 -0.23786114  0.06403932  0.20694116  0.12236156  0.02026631
  0.04991333 -0.14392951 -0.00768204  0.10372893 -0.17442755  0.0404941
 -0.0033182  -0.0567904  -0.01275745 -0.04791539  0.12854446  0.06718163
 -0.07133836 -0.06865599  0.17584962 -0.13323949 -0.02994687  0.1085024
 -0.07169771 -0.246408   -0.20730059  0.11565007  0.46905515  0.15578292
 -0.18017183  0.05610409 -0.02014166 -0.05062698  0.02271938 -0.00922524
 -0.12123063 -0.05900504 -0.09433579  0.06513765  0.22312002  0.01351219
  0.02056613  0.18772975 -0.00886316  0.0492694   0.05264673  0.09589195
 -0.06424195  0.04694579 -0.1292274  -0.04258693  0.04748039 -0.07024752
  0.00980352  0.06425896 -0.19565848  0.14101765  0.01482386 -0.0677041
 -0.00880608  0.04346293 -0.0722148  -0.01781568  0.21990557 -0.22759968
  0.18980564  0.11038389  0.00581027  0.16768619  0.13709068  0.0526455
  0.0333127  -0.12201851 -0.12452061 -0.09619076  0.10508987 -0.05999793
  0.05823676  0.01857783]