[-0.15465048  0.05753786  0.04430335 -0.06872085 -0.09789742  0.05711157
 -0.04507137 -0.06824251  0.17163861 -0.05853446  0.21490555  0.02229024
 -0.25542495 -0.06944545 -0.0633152   0.0904577  -0.12966909 -0.10478848
 -0.0272749  -0.00961682  0.08654772  0.00730487 -0.05476277  0.06659646
 -0.02908743 -0.36153987 -0.05780593 -0.08333384 -0.02318522 -0.08963047
 -0.05694075  0.01788671 -0.19806099 -0.05211979 -0.01945458  0.09935591
 -0.05893933 -0.07261911  0.11615819 -0.0054824  -0.1120341   0.00065956
 -0.00685746  0.23829381  0.13914616  0.03094194  0.0158354  -0.11630475
  0.20780018 -0.26491359  0.03326246  0.1952164   0.15142134  0.04435872
  0.0421034  -0.14031097  0.06769686  0.0974318  -0.17156209  0.07022126
  0.0266448  -0.11297326 -0.03742739 -0.07462198  0.16418511  0.04579633
 -0.09912398 -0.09394556  0.12355645 -0.06099307 -0.02521244  0.02514266
 -0.14810152 -0.27123681 -0.24916284  0.13616134  0.38991499  0.19066992
 -0.19328295  0.06547432 -0.14231578  0.02066001  0.0483328   0.04434655
 -0.06421898 -0.01171761 -0.17534287  0.05676453  0.17123885 -0.04396356
  0.02415036  0.23202235  0.02847667  0.06319661  0.02823033  0.07163391
 -0.09919854  0.01592104 -0.14174755 -0.0171757   0.07221248 -0.06748617
  0.01404568  0.05067348 -0.19634703  0.1200043   0.00148613 -0.01243656
  0.0094135  -0.11987622 -0.11137519 -0.01711692  0.11495468 -0.23568466
  0.18110411  0.13276556  0.11129671  0.21686283  0.07877918  0.03745529
 -0.02255006 -0.12001465 -0.14506245 -0.06398337  0.10831851  0.06478598
 -0.00392791  0.00631606]