[-0.12198874  0.06889129  0.0633745  -0.01360788 -0.10224067  0.05150576
  0.00229852 -0.02826617  0.19274637 -0.04767617  0.22354981 -0.01828001
 -0.2389963  -0.11845469 -0.00217355  0.07011165 -0.08430202 -0.15800644
 -0.0049597  -0.08090913  0.09344327 -0.01428945 -0.06837503  0.07568855
 -0.13536817 -0.38033712 -0.10518276 -0.12829792  0.01724115 -0.09233134
 -0.05750231  0.04957673 -0.20389138 -0.0898062   0.01062854  0.14343904
 -0.00784604 -0.02932905  0.08196026 -0.02392853 -0.12518309  0.01124606
  0.0423896   0.22796169  0.17866646  0.09086744  0.02409734 -0.06287261
  0.12414896 -0.19428276  0.11402007  0.18818264  0.19846842  0.07671388
  0.07892791 -0.19796632 -0.00618313  0.14642775 -0.18547702  0.10339192
  0.01028221 -0.07232297 -0.01394298 -0.04591633  0.18276531  0.08757087
 -0.12120537 -0.12190125  0.18225886 -0.12783358 -0.02606451  0.07544252
 -0.15390132 -0.22744612 -0.25007924  0.17644927  0.49498695  0.18618299
 -0.2094838   0.01274286 -0.10326589  0.0092504   0.04952535  0.06747651
 -0.05892126 -0.07496912 -0.15377408  0.03717412  0.15158549  0.03922953
 -0.01488996  0.17355135 -0.03465002  0.09194749  0.00433498  0.06632905
 -0.11681048  0.05971998 -0.09530095 -0.03557904  0.00055122 -0.08056895
 -0.0243578   0.0794455  -0.16165337  0.11928498  0.00232627  0.00088196
 -0.05871647 -0.02126849 -0.09470678  0.03243766  0.13899973 -0.31118432
  0.21359384  0.14245562  0.03737712  0.21931085  0.07792839  0.08055425
  0.05527369 -0.15863526 -0.19395725 -0.05795561  0.05323812 -0.04697205
  0.03031512  0.02969622]